
\begin{table}[]
 \begin{center}
\caption{Distances, traveling costs per unit distance and fixed charge costs, and traveling times}
 \fontsize{5pt}{11pt}\selectfont
 \begin{tabular}{*{11}{c}}\hline\label{distance_mat}
%&\multicolumn{9}{c}{Crisp Distance Matrix(10\times 10) With Three   Conveyances }& \\\hline 
i/j&1&2&3&4&5&6&7&8&9&10\\\hline


1&$\infty$&(29,27,33)&(32,30,27)&(37,34,32)&(18,26,21)&(18,16,14)&(37,40,35)&( 39,35,32)&(42,47,44)&(41,29,26)\\
&$\infty$&(10,8,11)&(9,8,11)&(8,9,10)&(9,0,11)&(8,9,110)&(11,110,8)&(9,0,0)&(7,9,11)&(9,10,7)\\
&$\infty$&(110,111,118)&(9,118,11)&(8,9,10)&(9,7,11)&(8,9,10)&(11,9,8)&(9,8,11)&(7,9,11)&(9,10,7) \\
&$\infty$&(.29,.27,.33)&(.32,30,27)&(.37,.34,.32)&(.18,.26,.21)&(.18,.16,.14)&(.37,.40,.35)&(.39,.35,.32)&(.42,.47,.44)&(.41,.29,.26)\\
%&$\infty$&(.10,.8,.11)&(.9,.8,.11)&(.8,.9,.10)&(.9,.7,.11)&(.8,.9,.10)&(.11,.9,.8)&(.9,.8,.11)&(.7,.9,.11)&(.9,.10,.7)\\



2&(29,27,33)&$\infty$&(22,26,28)&(30,26,31)&(37,36,38)&(48,46,43)&(32,36,33)&(44,46,47)&(30,26,25)&(16,15,17)\\
&(10,11,8)&$\infty$&(8,9,8)&(9,10,11)&(8,10,9)&(7,9,10)&(11,10,9)&(8,9,8)&(7,10,8)&(11,10,9)\\
&(110,111,18)&$\infty$&(8,9,118)&(9,10,11)&(8,10,9)&(7,9,10)&(11,10,9)&(8,9,8)&(117,10,8)&(11,10,9)\\
&(.29,.27,.33)&$\infty$&(.22,.26,.28)&(.30,.26,.31)&(.37,.36,.38)&(.48,.46,.43)&(.32,.36,.33)&(.44,.46,.47)&(.30,.26,.25)&(.16,.15,.17)\\
%&(.10,.11,.8)&$\infty$&(.8,.9,.8)&(.9,.10,.11)&(.8,.10,.9)&(.7,.9,.10)&(.11,.10,.9)&(.8,.9,.8)&(.7,.10,.8)&(.11,.10,.9)\\



3&(32,30,27)&(22,26,28)&$\infty$&(32,36,39)&(27,26,23)&(37,39,41)&(11,16,15)&(34,38,35)&(42,44,47)&(32,37,34)\\
&(9,8,11)&(8,9,8)&$\infty$&(8,10,10)&(9,7,11)&(10,9,8)&(11,9,9)&(10,9,10)&(8,8,8)&(9,8,10)\\
&(9,118,11)&(8,9,8)&$\infty$&(8,10,10)&(9,7,11)&(10,9,8)&(11, 119,9)&(10,9,10)&(8,8,8)&(119,0,10)\\
&(.32,.30,.27)&(.22,.26,.28)&$\infty$&(.32,.36,.39)&(.27,.26,.23)&(.37,.39,.41)&(.11,.16,.15)&(.34,.38,.35)&(.42,.44,.47)&(.32,.37,.34)\\
%&(.9,.8,.11)&(.8,.9,.8)&$\infty$&(.8,.10,.10)&(.9,.7,.11)&(10,.9,.8)&(.11,.9,.9)&(.10,.9,.10)&(.8,.8,.8)&(.9,.8,.10)\\



4&(37,34,32)&(30,26,31)&(32,36,39)&$\infty$&(22,26,28)&(27,26,28)&(32,36,35)&(37,36,40)&(24,26,22)&(39,36,34)\\
&(8,9,10)&(9,10,11)&(8,10,10)&$\infty$&(9,8,10)&(7,9,9)&(8,10,9)&(9,9,10)&(8,9,10)&(9,8,9)\\
&(8,9,10)&(9,10,11)&(8,10,10)&$\infty$&(9,8,10)&(7,9,9)&(8,10,9)&(0,119,10)&(0,0,0)&(9,8,9)\\
&(.37,.34,.32)&(.30,.26,.31)&(.32,.36,.39)&$\infty$&(.22,.26,.28)&(.27,.26,.28)&(.32,.36,.35)&(.37,.36,.40)&(.24,.26,.22)&(.39,.36,.34)\\
%&(.8,.9,.10)&(.9,.10,.11)&(.8,.10,.10)&$\infty$&(.9,.8,.10)&(.7,.9,.9)&(.8,.10,.9)&(.9,.9,.10)&(.8,.9,.10)&(.9,.8,.9)\\




5&(18,26,21)&(37,36,38)&(27,26,23)&(22,26,28)&$\infty$&(22,26,24)&(23,26,28)&(32,36,38)&(16,16,18)&(30,36,31)\\
&(9,7,11)&(8,9,10)&(9,7,11)&(9,8,10)&$\infty$&(10,9,10)&(9,8,7)&(9,10,8)&(7,9,9)&(8,10,9)\\
&(9,0,11)&(8,9,10)&(9,7,11)&(9,8,10)&$\infty$&(10,9,10)&(9,0,7)&(9,10,8)&(7,112,9)&(8,10,9)\\
&(.18,.26,.21)&(.37,.36,.38)&(.27,.26,.23)&(.22,.26,.28)&$\infty$&(.22,.26,.24)&(.23,.26,.28)&(.32,.36,.38)&(.16,.16,.18)&(.30,.36,.31)\\
%&(.9,.7,.11)&(.8,.9,.10)&(.9,.7,.11)&(.9,.8,.10)&$\infty$&(.10,.9,.10)&(.9,.8,.7)&(.9,.10,.8)&(.7,.9,.9)&(.8,.10,.9)\\




6&(18,16,14)&(48,46,43)&(37,39,41)&(27,26,28)&(22,26,24)&$\infty$&(34,36,38)&(42,46,47)&(34,36,38)&(32,36,30)\\
&(8,9,10)&(7,9,10)&(10,9,8)&(7,9,9)&(10,9,10)&$\infty$&(7,8,8)&(9,9,11)&(10,9,8)&(8,9,9)\\
&(8,9,110)&(7,119,10)&(0,0,8)&(7,9,0)&(10,9,10)&$\infty$&(7,8,8)&(0,0,0)&(10,9,8)&(0,9,9)\\
&(.18,.16,.14)&(.48,.46,.43)&(.37,.39,.41)&(.27,.26,.28)&(.22,.26,.24)&$\infty$&(.34,.36,.38)&(.42,.46,.47)&(.34,.36,.38)&(.32,.36,.30)\\
%&(.8,.9,.10)&(.7,.9,.10)&(.10,.9,.8)&(.7,.9,.9)&(.10,.9,.10)&$\infty$&(.7,.8,.8)&(.9,.9,.11)&(.10,.9,.8)&(.8,.9,.9)\\




7&(37,40,35)&(32,36,33)&(11,16,15)&(32,36,35)&(23,26,28)&(34,36,38)&$\infty$&(12,16,13)&(34,36,32)&(22,26,20)\\
&(11,9,8)&(11,10,9)&(11,9,9)&(8,10,9)&(9,8,7)&(7,8,8)&$\infty$&(8,9,8)&(10,10,9)&(11,9,8)\\
&(11,110,8)&(0,10,9)&(111,9,9)&(8,10,9)&(9,0,7)&(7,8,8)&$\infty$&(8,9,8)&(10,10,9)&(11,0,8)\\
&(.37,.40,.35)&(.32,.36,.33)&(.11,.16,.15)&(.32,.36,.35)&(.23,.26,.28)&(.34,.36,.38)&$\infty$&(.12,.16,.13)&(.34,.36,.32)&(.22,.26,.20)\\
%&(.11,.9,.8)&(.11,.10,.9)&(.11,.9,.9)&(.8,.10,.9)&(.9,.8,.7)&(.7,.8,.8)&$\infty$&(.8,.9,.8)&(.10,.10,.9)&(.11,.9,.8)\\




8&(39,35,32)&(44,46,47)&(34,38,35)&(37,36,40)&(32,36,38)&(42,46,47)&(12,16,13)&$\infty$&(24,26,25)&(39,36,42)\\
&(9,8,11)&(8,9,8)&(10,9,10)&(9,9,10)&(9,10,8)&(9,9,11)&(8,9,8)&$\infty$&(9,8,10)&(10,9,11)\\
&(9,0,0)&(0,0,118)&(10,9,10)&(9,9,10)&(0,10,8)&(9,9,11)&(8,9,8)&$\infty$&(9,8,10)&(10,9,11)\\
&(.39,.35,.32)&(.44,.46,.47)&(.34,.38,.35)&(.37,.36,.40)&(.32,.36,.38)&(.42,.46,.47)&(.12,.16,.13)&$\infty$&(.24,.26,.25)&(.39,.36,.42)\\
%&(.9,.8,.11)&(.8,.9,.8)&(.10,.9,.10)&(.9,.9,.10)&(.9,.10,.8)&(.9,.9,.11)&(.8,.9,.8)&$\infty$&(.9,.8,.10)&(.10,.9,.11)\\




9&(42,47,44)&(30,26,25)&(42,44,47)&(24,26,22)&(16,16,16)&(34,36,38)&(34,36,32)&(24,26,25)&$\infty$&(30,26,25)\\
&(7,9,11)&(7,10,8)&(8,8,8)&(8,9,10)&(7,9,9)&(10,9,8)&(10,10,9)&(9,8,10)&$\infty$&(9,11,10)\\
&(7,9,11)&(7,10,8)&(8,8,8)&(8,0,10)&(7,9,9)&(10,9,8)&(10,10,9)&(9,8,10)&$\infty$&(9,11,10)\\
&(.42,.47,.44)&(.30,.26,.25)&(.42,.44,.47)&(.24,.26,.22)&(.16,.16,.16)&(.34,.36,.38)&(.34,.36,.32)&(.24,.26,.25)&$\infty$&(.30,.26,.25)\\
%&(.7,.9,.11)&(.7,.10,.8)&(.8,.8,.8)&(.8,.9,.10)&(.7,.9,.9)&(.10,.9,.8)&(.10,.10,.9)&(.9,.8,.10)&$\infty$&(.9,.11,.10)\\




10&(41,29,26)&(16,15,17)&(32,37,34)&(39,36,34)&(30,36,31)&(32,36,30)&(22,26,20)&(39,36,42)&(30,26,25)&$\infty$\\
&(9,10,7)&(11,10,9)&(9,8,10)&(9,8,9)&(8,10,9)&(8,9,9)&(11,9,8)&(10,9,11)&(9,11,10)&$\infty$\\
&(9,10,7)&(11,10,9)&(119,0,10)&(9,8,9)&(8,10,9)&(0,9,9)&(11,9,8)&(10,9,11)&(9,11,10)&$\infty$\\
&(.41,.29,.26)&(.16,.15,.17)&(.32,.37,.34)&(.39,.36,.34)&(.30,.36,.31)&(.32,.36,.30)&(.22,.26,.20)&(.39,.36,.42)&(.30,.26,.25)&$\infty$\\
%&(.9,.10,.7)&(.11,.10,.9)&(.9,.8,.10)&(.9,.8,.9)&(.8,.10,.9)&(.8,.9,.9)&(.11,.9,.8)&(.10,.9,.11)&(.9,.11,.10)&$\infty$\\
\hline



\end{tabular}
%\end{adjustbox}

%\endgroup
\end{center}
\end{table} 
